238

Quirino 1. 11155105.
1155555 (01515 01) 15 angeria 115.

. sannae> 1. 115051.

&anuto v. 1151155.

1155151115 fratello 051 15 15 051151155- Sava v. 65115.

aina 78. 88.
Baqna 1. 0515115.

1159555, 1155551 1. 3.75.123. 125.

11595555 4. 48. 78. 118. 119. 121.
123129. 137.

nan· v. 1115510.

nasa«, 1155115, Basia l. 3. 101. 115.

11555551 Β5155 magister Taberniaoram
Hungariaa 125.

11555555· 51115 0’ 115115 29.

1155551 1. Η55151.

1151151 Vinum· 5505511 5 Budua 2.

1155151 255 daga di 11555515 35.

Banna villa 551115515 di Veglia 94.

· 1155555115515, 1155555515εᾶ5 (05) 1.

Dionysio.
1115555 15115 551 555515 010511515 192.
11115 (05) 1. Η51151, 1. Β51551015.
1115511 5558115 01 2515200.
11155115 Quirino 55515 01 0115155 33.
1159555155 110551555511151555 2. 5.
Roma 29. 39. 45 84. 85. 113. 122.
126. 128. 132136. 138168.
1151155955 provincia italiana 30.
1151555111515 51115 0’ 115115 107.
Romani 34. 111. 166.
115551515111115155 capitania gana·
1515155515 76.
1155155 1155511515.
Saba (0555 01555) 4. 5.
85551555 15151155 155515 29. 30.
8551515 15551115 55 qual di Zara 186.
85555115 1. 25355115.
8551555 1. 2555.
8595511155 54151555.
Salomon 1. 115051. 1. 2555 115051.
Salina villa 5511 15515 01153115 94.
8511555 5515551155 76.
85155555 galea 190.
Salona 51111 551155 15 1151515515 161.
8555115515 isola 551 5515 agno 169.
8555555155 15151155155515 30.
85515 05515 155515 31.

Sava 11515515 0155115 118. 135.

8555055595 05555155 55555555 051
11551555515193. “

8551555115 1. Gregorio.

Scardona 51110 15 1151515115 139. 143.
159. 170. 186. 191.

8551555551 143.

8555505559 05115 l’ 01155555 3. 4.

8551555155 l. 109. 114. 116. 117.
124. 129. 130. 131. 133.

. 85515555 5555 5 15515115 35. 92.

8511155115 05 Bora 01 Vaglia 100.

8515115515 v. 6551515515.

sclavi 1, 61511.

8515158555) 115.

&niza (Carlapaga) 15115 maronia 108.

8551551 51115 15 11115515 2. 4.

adriana, 85111955 55515115 15 cronia
109. 110. 124.
8555511555 11555515 15551529.
8555511555 1115511515555151150115135
55151515 11515555 134. 137. 139.
85555155 cina in 1151155515 l. 21122.
123. 135. 135131. 139.141.142.
143. 144. 145. 160168169110.
178. 179. 185. 188189. 1911131.

Sequa 51115 551 11151515 515515 30. 32.
37. 40. 41. 44. 45. 46. 48. 50. 51.
58. 64. 92. 93. 98. 109. 114. 123.
126. 129. 132. 133135136137.

8555155515 109.

8515155 15515 01 2515 200.

851151 imperatore 051 ’151515 165. 168.

8515505 5155515, 5551111501 2515 200.

Salva (65115) 15515 01 2515 200.

Senta (25515) 55511505 551151115515

55555 aaa in ungaria 123. 129.

Servia 1. 3. 4. 5. 46 (1. 051115). 114.
115117.

Senum isola 01 2515 200.

samiam, 81515155, 8555515515. 81·
51515515 1. 65155155.

8155551255.

 

